DoM=[x,3,2,0,1,0]
DoM_1=[x,3,5,5,5,x]
DoM_2=[8,10,10,9,8,8]
ReM=[x,x,0,2,3,2]
ReM_1=[x,5,7,7,7,x]
ReM_2=[10,12,12,11,10,10]
MiM=[0,2,2,1,0,0]
MiM_1=[x,7,6,4,5,4]
MiM_2=[x,7,9,9,9,x]
MiM_3=[12,14,14,13,12,12]
Mimin=[0,2,2,0,0,0]
Mimin_1=[x,x,5,4,5,3]
Mimin_2=[x,7,9,9,8,7]
FaM=[1,3,3,2,1,1]
FaM_1=[x,8,7,5,6,5]
FaM_2=[x,8,10,10,10,x]
SolM=[3,2,0,0,0,3]
SolM_1=[3,5,5,4,3,3]
SolM_2=[x,10,9,7,8,7]
LaM=[0,0,2,2,2,0]
LaM_1=[5,7,7,6,5,5]
LaM_2=[x,12,11,9,10,9]
Lamin=[x,0,2,2,1,0]
Lamin_1=[5,7,7,5,5,5]
Lamin_2=[x,x,7,9,10,8]
Lamin_3=[x,12,14,14,13,12]
Simin=[x,2,4,4,3,2]
Simin_1=[7,9,9,7,7,7]
Simin_2=[x,x,9,11,12,10]
SibM=[x,1,3,3,3,1]
SibM_1=[6,8,8,7,6,6]
SibM_2=[x,13,12,10,11,10]
